// Game: Quake
// Format: Standard
// entity 0
{
"classname" "worldspawn"
// brush 0
{
( -0 -64 8 ) ( -0 -63 8 ) ( -0 -64 9 ) __TB_empty -0 -0 -0 1 1
( -64 -0 8 ) ( -64 -0 9 ) ( -63 -0 8 ) __TB_empty -0 -0 -0 1 1
( -64 -64 16 ) ( -63 -64 16 ) ( -64 -63 16 ) __TB_empty -0 -0 -0 1 1
( 24 4 28 ) ( 24 8 28 ) ( 152 8 28 ) __TB_empty 0 0 0 1 1
( 64 24 40 ) ( 65 24 40 ) ( 64 24 41 ) __TB_empty -0 -0 -0 1 1
( 24 64 40 ) ( 24 64 41 ) ( 24 65 40 ) __TB_empty -0 -0 -0 1 1
}
// brush 1
{
( 4 24 36 ) ( 4 24 32 ) ( 4 152 32 ) __TB_empty 0 0 0 1 1
( 24 20 32 ) ( 24 20 36 ) ( 152 20 36 ) __TB_empty 0 0 0 1 1
( 24 4 28 ) ( 152 8 28 ) ( 24 8 28 ) __TB_empty 0 0 0 1 1
( 64 64 40 ) ( 64 65 40 ) ( 65 64 40 ) __TB_empty -0 -0 -0 1 1
( 64 24 40 ) ( 65 24 40 ) ( 64 24 41 ) __TB_empty -0 -0 -0 1 1
( 20 24 32 ) ( 20 24 36 ) ( 20 152 36 ) __TB_empty 0 0 0 1 1
}
// brush 2
{
( 4 24 36 ) ( 4 24 32 ) ( 4 152 32 ) __TB_empty 0 0 0 1 1
( -64 -0 8 ) ( -64 -0 9 ) ( -63 -0 8 ) __TB_empty -0 -0 -0 1 1
( 24 4 28 ) ( 152 8 28 ) ( 24 8 28 ) __TB_empty 0 0 0 1 1
( 64 64 40 ) ( 64 65 40 ) ( 65 64 40 ) __TB_empty -0 -0 -0 1 1
( 24 4 32 ) ( 152 4 36 ) ( 24 4 36 ) __TB_empty 0 0 0 1 1
( 20 24 32 ) ( 20 24 36 ) ( 20 152 36 ) __TB_empty 0 0 0 1 1
}
// brush 3
{
( 20 24 32 ) ( 20 152 36 ) ( 20 24 36 ) __TB_empty 0 0 0 1 1
( 24 20 32 ) ( 24 20 36 ) ( 152 20 36 ) __TB_empty 0 0 0 1 1
( 24 4 28 ) ( 152 8 28 ) ( 24 8 28 ) __TB_empty 0 0 0 1 1
( 64 64 40 ) ( 64 65 40 ) ( 65 64 40 ) __TB_empty -0 -0 -0 1 1
( 64 24 40 ) ( 65 24 40 ) ( 64 24 41 ) __TB_empty -0 -0 -0 1 1
( 24 64 40 ) ( 24 64 41 ) ( 24 65 40 ) __TB_empty -0 -0 -0 1 1
}
// brush 4
{
( 20 24 32 ) ( 20 152 36 ) ( 20 24 36 ) __TB_empty 0 0 0 1 1
( 24 4 32 ) ( 24 4 36 ) ( 152 4 36 ) __TB_empty 0 0 0 1 1
( 24 4 28 ) ( 152 8 28 ) ( 24 8 28 ) __TB_empty 0 0 0 1 1
( 64 64 40 ) ( 64 65 40 ) ( 65 64 40 ) __TB_empty -0 -0 -0 1 1
( 24 20 32 ) ( 152 20 36 ) ( 24 20 36 ) __TB_empty 0 0 0 1 1
( 24 64 40 ) ( 24 64 41 ) ( 24 65 40 ) __TB_empty -0 -0 -0 1 1
}
// brush 5
{
( 20 24 32 ) ( 20 152 36 ) ( 20 24 36 ) __TB_empty 0 0 0 1 1
( -64 -0 8 ) ( -64 -0 9 ) ( -63 -0 8 ) __TB_empty -0 -0 -0 1 1
( 24 4 28 ) ( 152 8 28 ) ( 24 8 28 ) __TB_empty 0 0 0 1 1
( 64 64 40 ) ( 64 65 40 ) ( 65 64 40 ) __TB_empty -0 -0 -0 1 1
( 24 4 32 ) ( 152 4 36 ) ( 24 4 36 ) __TB_empty 0 0 0 1 1
( 24 64 40 ) ( 24 64 41 ) ( 24 65 40 ) __TB_empty -0 -0 -0 1 1
}
// brush 6
{
( -0 -64 8 ) ( -0 -63 8 ) ( -0 -64 9 ) __TB_empty -0 -0 -0 1 1
( 24 20 32 ) ( 24 20 36 ) ( 152 20 36 ) __TB_empty 0 0 0 1 1
( 24 4 28 ) ( 152 8 28 ) ( 24 8 28 ) __TB_empty 0 0 0 1 1
( 64 64 40 ) ( 64 65 40 ) ( 65 64 40 ) __TB_empty -0 -0 -0 1 1
( 64 24 40 ) ( 65 24 40 ) ( 64 24 41 ) __TB_empty -0 -0 -0 1 1
( 4 24 36 ) ( 4 152 32 ) ( 4 24 32 ) __TB_empty 0 0 0 1 1
}
// brush 7
{
( -0 -64 8 ) ( -0 -63 8 ) ( -0 -64 9 ) __TB_empty -0 -0 -0 1 1
( 24 4 32 ) ( 24 4 36 ) ( 152 4 36 ) __TB_empty 0 0 0 1 1
( 24 4 28 ) ( 152 8 28 ) ( 24 8 28 ) __TB_empty 0 0 0 1 1
( 64 64 40 ) ( 64 65 40 ) ( 65 64 40 ) __TB_empty -0 -0 -0 1 1
( 24 20 32 ) ( 152 20 36 ) ( 24 20 36 ) __TB_empty 0 0 0 1 1
( 4 24 36 ) ( 4 152 32 ) ( 4 24 32 ) __TB_empty 0 0 0 1 1
}
// brush 8
{
( -0 -64 8 ) ( -0 -63 8 ) ( -0 -64 9 ) __TB_empty -0 -0 -0 1 1
( -64 -0 8 ) ( -64 -0 9 ) ( -63 -0 8 ) __TB_empty -0 -0 -0 1 1
( 24 4 28 ) ( 152 8 28 ) ( 24 8 28 ) __TB_empty 0 0 0 1 1
( 64 64 40 ) ( 64 65 40 ) ( 65 64 40 ) __TB_empty -0 -0 -0 1 1
( 24 4 32 ) ( 152 4 36 ) ( 24 4 36 ) __TB_empty 0 0 0 1 1
( 4 24 36 ) ( 4 152 32 ) ( 4 24 32 ) __TB_empty 0 0 0 1 1
}
// brush 9
{
( 4 24 36 ) ( 4 24 32 ) ( 4 152 32 ) __TB_empty 0 0 0 1 1
( 24 4 32 ) ( 24 4 36 ) ( 152 4 36 ) __TB_empty 0 0 0 1 1
( 24 4 28 ) ( 152 8 28 ) ( 24 8 28 ) __TB_empty 0 0 0 1 1
( 64 64 40 ) ( 64 65 40 ) ( 65 64 40 ) __TB_empty -0 -0 -0 1 1
( 24 20 32 ) ( 152 20 36 ) ( 24 20 36 ) __TB_empty 0 0 0 1 1
( 20 24 32 ) ( 20 24 36 ) ( 20 152 36 ) __TB_empty 0 0 0 1 1
}
}
// entity 1
{
"classname" "item_shells"
"origin" "-0 -0 16"
}
